100 180
1 18
1 56
1 96
1 95
1 76
2 30
2 50
3 16
4 29
5 96
5 32
5 93
5 30
7 91
7 62
8 46
9 56
9 0
9 16
9 70
9 21
10 35
10 14
10 72
10 82
11 49
11 41
11 44
11 46
12 17
14 54
15 32
15 83
15 0
15 99
15 43
16 45
17 51
17 89
18 1
18 73
18 43
18 6
19 54
19 94
20 40
20 18
20 9
21 56
21 24
22 90
22 48
23 79
23 39
24 68
25 84
25 85
26 57
26 65
28 41
28 9
30 59
31 59
32 16
32 97
33 45
34 43
34 80
35 2
35 21
35 88
35 50
38 40
39 64
40 45
40 67
41 94
41 31
41 16
41 7
42 89
42 17
43 61
43 29
44 34
44 73
45 4
45 43
46 92
46 51
47 45
47 57
48 82
48 8
49 16
49 98
50 54
52 29
52 35
52 84
53 23
53 59
54 22
55 36
55 84
55 74
56 31
56 45
56 34
56 1
57 85
58 55
59 27
61 15
61 92
61 99
63 11
63 28
64 90
64 27
65 66
66 3
66 49
66 11
66 26
66 31
66 33
67 65
70 32
71 25
71 32
72 20
73 23
73 38
74 26
74 83
76 97
76 4
77 74
77 59
77 26
78 39
78 6
79 33
79 9
79 26
80 86
80 51
80 54
80 58
80 90
80 57
81 44
81 30
81 52
82 74
82 8
84 98
85 6
85 82
86 75
87 56
89 52
89 70
91 24
92 59
92 10
92 60
93 82
93 43
94 74
94 73
94 80
95 28
97 77
97 87
98 16
98 93
98 25
99 96
