1000 999
0 42
0 337
0 669
1 702
1 339
2 959
2 129
3 95
4 313
4 25
4 952
5 451
6 345
6 309
7 155
7 561
8 475
8 76
8 373
9 302
10 215
11 141
11 794
12 397
13 525
13 475
14 242
14 619
15 918
15 134
15 945
16 626
16 641
16 188
16 402
17 730
18 609
18 557
18 558
19 938
20 88
21 682
21 559
22 683
23 861
24 930
24 444
25 423
26 909
27 627
27 768
28 877
28 856
28 726
29 973
30 744
31 915
32 478
32 515
32 598
32 990
33 642
33 280
34 771
34 826
34 994
35 56
35 861
36 150
36 223
36 408
37 250
37 505
37 496
38 700
39 681
40 814
41 471
41 614
41 227
43 89
43 873
43 109
43 920
44 863
45 139
46 473
47 867
48 978
48 888
49 700
49 64
50 915
51 446
51 936
52 400
52 73
53 55
53 440
54 608
54 946
54 734
56 558
57 458
58 491
59 859
59 784
60 710
60 882
60 554
61 249
61 912
61 351
62 853
63 346
63 313
64 85
65 851
66 286
66 520
67 966
68 594
68 415
69 113
70 80
70 395
71 520
71 620
72 441
72 574
72 666
72 897
73 453
73 206
74 259
74 745
74 213
75 987
76 364
77 973
78 277
78 794
78 948
78 932
78 241
79 102
79 787
80 753
81 894
81 584
82 118
83 422
83 625
83 549
84 654
84 493
85 151
85 459
85 735
86 435
86 655
86 875
86 677
86 114
87 810
87 447
88 335
89 777
90 231
90 504
90 696
90 240
91 401
92 915
92 749
92 657
93 197
93 480
93 661
93 755
94 95
95 895
96 154
97 665
97 776
97 257
98 539
98 371
98 956
98 218
99 303
99 521
100 218
100 177
101 858
101 456
101 363
103 684
104 533
104 128
105 289
106 412
106 484
106 511
107 306
108 257
109 502
110 960
110 763
110 451
111 160
112 894
113 244
113 579
114 728
115 583
115 275
115 701
116 819
116 796
117 534
117 127
118 316
118 762
119 409
120 894
121 931
121 462
122 630
123 743
124 284
125 286
126 627
127 327
127 925
127 238
128 778
128 751
129 450
129 876
129 751
129 946
130 640
130 851
131 196
132 872
132 311
133 237
133 158
134 849
134 888
135 774
136 159
136 531
137 257
138 659
139 276
140 586
140 494
141 508
142 842
142 601
143 442
143 298
143 322
144 700
145 354
146 147
146 190
147 544
147 746
147 982
148 905
149 578
151 310
151 967
152 397
152 272
153 511
153 580
154 971
154 745
155 357
156 537
156 552
156 666
157 452
157 520
158 599
159 821
160 707
160 521
160 298
161 998
162 455
162 717
163 774
164 867
164 664
165 850
165 800
165 642
166 611
166 311
167 517
167 990
168 881
168 381
168 645
169 556
169 504
170 411
170 717
171 687
172 341
172 744
172 270
173 797
174 369
174 732
174 427
175 569
175 241
175 728
176 497
176 972
176 449
177 418
177 522
177 179
178 305
178 994
179 749
180 823
181 544
182 735
183 358
183 620
183 344
184 884
184 423
185 744
186 288
186 650
187 718
187 938
187 521
188 335
188 551
189 427
189 294
190 642
191 486
191 806
191 349
192 232
193 676
193 773
194 692
194 224
195 892
196 962
198 748
199 523
200 876
201 410
202 647
202 999
203 246
204 983
205 461
206 636
206 643
207 318
207 721
208 807
208 789
209 868
210 269
210 240
210 336
211 507
212 854
213 802
214 284
215 678
215 854
215 274
216 314
217 705
217 550
218 646
218 934
219 265
220 290
220 415
221 625
222 555
223 554
224 760
225 755
226 878
227 407
227 298
228 724
228 530
228 477
229 990
229 293
230 237
232 957
233 963
233 633
234 501
235 970
235 368
236 832
236 639
237 267
237 958
238 543
238 677
239 887
239 262
240 725
242 950
243 484
245 311
245 983
246 567
246 634
247 616
248 902
248 689
251 814
252 560
252 990
253 379
254 917
255 279
255 564
255 639
256 916
257 863
257 892
258 803
258 645
259 495
260 903
261 765
262 885
263 722
263 526
264 879
264 324
264 287
265 340
266 673
266 449
266 955
267 470
268 581
269 577
270 860
270 943
271 385
272 447
273 955
274 853
274 971
275 697
276 386
278 524
278 300
280 494
280 385
280 489
281 412
282 610
282 755
282 708
283 730
283 676
284 391
284 566
284 527
284 886
285 969
286 845
286 924
286 941
287 296
287 827
289 797
291 820
291 875
292 913
292 921
293 307
294 545
294 596
295 861
297 301
297 479
297 534
299 585
299 448
299 704
300 837
300 811
302 741
302 660
304 757
304 712
305 438
306 343
306 729
307 402
307 887
308 848
308 864
308 526
309 897
309 695
309 950
310 962
311 813
311 699
312 766
312 841
313 317
314 779
314 914
314 984
315 510
315 652
317 659
319 512
319 873
320 764
321 773
321 727
322 675
322 995
322 838
323 821
324 601
324 997
325 613
325 981
326 366
328 378
328 955
329 463
330 629
331 363
332 999
333 578
333 933
334 953
335 536
336 827
336 695
338 588
338 693
338 517
339 426
339 859
340 491
340 959
342 351
342 373
342 696
344 737
344 345
347 818
347 707
348 885
348 379
349 387
350 550
351 750
352 916
352 460
353 366
354 501
354 724
355 599
355 548
356 405
357 549
358 645
359 598
360 486
361 697
362 673
363 816
364 909
364 936
365 715
366 841
367 473
367 652
367 980
368 658
369 474
370 514
371 604
372 711
372 422
374 390
374 826
375 628
375 874
376 683
377 765
378 559
379 997
380 993
380 479
381 825
381 926
382 589
382 839
383 635
384 434
385 572
386 801
387 890
387 987
387 535
388 544
389 894
390 793
390 684
392 895
392 723
393 590
394 768
394 969
395 550
395 758
395 444
396 656
396 693
398 819
399 623
399 929
399 689
401 427
403 537
404 750
405 433
405 786
405 837
406 830
408 750
409 941
410 437
410 476
413 754
413 599
414 428
415 645
416 483
417 503
417 833
419 429
419 688
420 698
421 514
421 822
421 987
424 520
425 574
426 868
428 759
428 542
428 717
430 628
431 639
431 731
432 993
434 980
434 517
436 677
438 861
439 653
439 950
440 585
442 688
443 541
444 945
445 466
446 874
447 694
447 533
448 752
451 612
453 747
454 789
455 587
455 580
456 901
457 602
458 985
459 927
460 697
461 875
462 994
462 679
463 562
463 794
464 910
464 509
465 758
466 729
467 627
468 766
469 738
469 618
472 555
472 666
475 624
476 549
477 974
479 553
479 669
480 631
481 906
482 796
483 767
485 778
487 772
487 587
488 899
488 540
489 844
489 790
490 883
490 908
492 754
493 839
493 892
496 703
496 922
496 835
498 673
499 615
499 824
499 614
500 899
501 834
501 843
502 781
502 689
506 962
507 748
507 906
507 930
509 540
509 956
511 726
513 761
516 920
516 618
517 606
518 976
518 527
519 942
520 985
521 734
522 829
522 935
523 575
525 590
526 878
526 748
528 841
528 663
529 767
530 532
531 735
532 704
532 992
533 597
535 978
538 720
538 919
540 561
541 637
541 776
542 603
542 728
546 792
546 870
546 983
547 668
547 698
547 871
547 846
548 973
551 862
552 721
556 869
557 831
557 917
557 989
561 579
562 563
563 719
563 769
565 697
566 632
567 812
568 999
570 911
571 897
572 968
573 593
573 625
575 848
576 866
576 811
581 628
582 957
582 647
584 979
584 773
585 612
590 634
591 680
592 898
592 723
595 600
595 887
596 687
597 908
599 770
602 825
603 893
605 928
605 620
606 650
607 836
608 736
611 838
613 975
616 954
616 636
617 969
617 843
618 988
618 625
619 957
621 762
622 774
622 919
623 765
624 760
624 767
625 716
627 801
629 796
630 930
633 782
635 879
637 907
637 701
637 973
638 889
642 833
643 838
644 795
644 846
644 964
645 775
648 850
649 709
649 796
649 812
651 809
652 984
653 664
657 799
658 919
658 868
660 691
660 799
662 685
663 963
666 791
667 697
670 814
670 693
671 699
672 993
674 731
679 975
680 722
681 706
683 880
684 761
685 891
685 954
686 725
687 904
687 716
688 991
690 747
696 798
699 933
706 951
706 878
708 805
712 861
713 991
714 931
715 787
716 788
717 891
723 759
727 911
729 761
730 886
731 853
732 836
733 871
734 940
735 800
738 817
739 975
740 834
742 874
743 919
744 828
744 785
752 782
756 968
759 964
761 789
762 986
763 961
764 912
769 937
771 823
773 784
780 789
783 811
783 895
785 830
785 816
787 998
787 899
790 868
797 882
799 906
802 840
804 889
805 877
808 853
809 981
809 950
810 955
810 911
815 962
822 905
835 962
836 947
840 940
843 852
844 847
851 939
851 962
852 944
855 884
856 952
857 974
859 880
863 923
864 943
865 983
870 996
880 945
882 903
889 925
892 919
896 935
900 980
917 965
921 964
927 974
930 942
932 949
947 986
953 971
957 983
966 975
977 998
